19
25
27
28
29
29
32
33
33
34
35
36
36
37
38
38
37
37
37
37
37
37
37
37
37
37
37
37
37
37
38
38
38
38
39
39
39
38
39
39
39
38
39
38
38
38
38
39
39
39
39
39
39
39
39
39
39
39
39
39
39
39
39
39
39
39
39
39
40
40
40
40
39
39
39
39
39
39
39
39
39
39
39
39
39
39
39
39
39
39
39
39
39
40
39
39
39
39
39
39
39
39
39
39
39
39
39
39
39
39
39
39
39
39
40
40
40
40
39
40
39
39
39
39
39
39
40
40
40
40
40
39
39
39
39
39
39
39
39
39
39
39
39
40
40
40
40
39
40
40
40
40
40
39
39
39
40
39
39
39
39
39
39
40
40
40
40
40
40
40
40
39
40
39
39
39
39
39
39
40
40
40
40
40
40
40
40
40
40
40
40
39
39
40
40
40
39
39
39
39
39
39
40
40
40
40
40
40
40
40
40
40
40
40
40
40
40
40
40
40
40
40
40
40
40
40
40
40
40
40
39
39
40
40
40
40
40
39
39
39
39
40
40
39
39
40
40
39
39
39
39
40
40
40
40
40
40
40
40
40
39
39
39
39
39
39
39
39
40
39
39
39
39
39
39
39
39
39
38
39
38
38
38
39
39
39
39
39
38
39
39
39
40
40
40
39
39
39
39
39
39
39
39
39
39
39
39
39
39
39
40
40
40
40
40
40
40
40
40
40
40
40
40
40
40
40
40
40
40
40
40
40
40
40
40
40
40
40
40
40
40
40
40
40
40
40
40
40
40
40
40
40
40
40
40
40
40
40
40
40
40
40
40
40
40
40
40
40
40
40
40
40
40
40
40
40
40
40
40
40
40
40
40
40
40
40
40
40
40
40
40
40
40
40
40
40
39
39
39
40
40
39
39
40
39
40
40
40
40
40
39
39
39
40
40
40
39
39
39
39
39
39
39
39
39
39
39
39
39
39
39
39
39
39
39
39
39
39
39
39
39
39
39
39
39
39
39
39
39
39
39
39
39
39
39
39
39
39
39
39
39
39
39
39
39
39
39
40
40
40
40
40
40
40
40
40
40
40
39
39
39
39
39
39
39
39
39
39
40
40
40
40
40
40
40
40
40
40
40
40
