265
267
267
267
267
267
267
275
275
285
285
287
291
296
296
302
311
315
319
328
331
340
341
352
357
357
358
359
361
361
360
360
359
364
365
364
367
367
366
371
373
374
388
387
386
387
390
391
400
401
401
402
401
404
403
402
401
402
406
405
404
404
404
403
403
404
404
403
403
414
424
431
435
434
450
453
458
461
461
464
471
473
473
472
475
479
487
491
493
494
497
500
499
504
503
507
507
508
519
522
534
547
560
562
561
561
560
561
560
562
564
563
563
569
569
568
571
571
570
570
571
575
576
577
576
575
576
575
580
593
603
607
606
608
611
610
611
615
614
614
613
617
618
618
620
623
634
633
635
652
656
661
661
661
666
665
667
675
684
683
682
687
688
689
698
697
696
701
701
710
717
717
718
721
721
724
737
744
747
757
761
762
764
769
775
779
781
780
787
788
787
788
792
806
807
806
822
821
820
825
824
824
823
822
828
833
843
842
842
849
848
848
849
848
849
850
851
860
862
869
878
881
880
879
879
878
878
888
898
898
899
898
902
902
917
916
919
924
925
924
926
928
931
933
932
932
933
935
934
934
935
939
939
947
946
954
963
962
964
966
972
978
980
986
985
984
984
992
999
998
997
998
999
999
999
998
1001
1001
1004
1004
1004
1005
1005
1004
1003
1004
1004
1003
1003
1004
1014
1014
1013
1015
1018
1023
1022
1023
1028
1030
1029
1030
1029
1032
1039
1039
1038
1044
1044
1044
1045
1044
1045
1047
1048
1051
1052
1051
1051
1051
1052
1057
1056
1063
1063
1065
1067
1070
1069
1069
1084
1084
1090
1095
1096
1105
1104
1110
1109
1113
1122
1123
1123
1125
1131
1142
1142
1141
1145
1152
1154
1153
1155
1161
1167
1166
1169
1174
1181
1180
1184
1191
1190
1190
1189
1188
1189
1189
1188
1190
1191
1192
1195
1198
1205
1212
1215
1214
1217
1221
1220
1227
1233
1232
1234
1239
1238
1237
1237
1239
1242
1245
1246
1255
1255
1260
1259
1262
1266
1268
1267
1270
1273
1276
1278
1286
1288
1289
1300
1299
1302
1310
1311
1314
1323
1326
1327
1334
1333
1332
1337
1338
1346
1352
1356
1357
1356
1360
1359
1363
1366
1368
1371
1376
1375
1376
1378
1382
1388
1390
1389
1388
1394
1396
1396
1397
1396
1396
1400
1404
1408
1408
1411
1410
1412
1412
1413
1413
1413
1413
1412
1419
1421
1420
1420
1419
1419
1418
1417
1416
1419
1422
1422
1432
1437
1448
1450
1451
1454
1454
1453
1452
1452
1451
1450
1466
1476
1475
1478
1485
1484
1486
1488
1487
1489
1495
1495
1497
1496
1507
222
229
241
245
249
253
255
259
260
259
261
265
272
271
270
279
285
284
289
290
294
294
293
303
319
318
318
319
320
319
318
319
319
319
319
321
322
324
323
325
324
329
328
327
333
341
345
345
346
350
351
356
357
356
355
371
373
372
373
373
376
376
380
381
390
391
390
400
401
412
413
420
420
422
423
427
426
428
429
428
427
437
439
441
441
446
446
446
449
454
457
459
458
465
466
467
468
471
480
480
481
480
485
488
493
496
502
501
501
506
510
511
511
517
516
515
520
522
523
525
526
526
525
524
526
527
529
529
534
536
535
536
539
538
541
544
544
543
551
550
564
564
568
570
573
573
579
578
580
583
584
592
592
591
600
603
603
611
612
612
619
619
623
627
636
639
647
646
646
645
645
644
647
648
650
659
660
659
662
670
669
670
671
673
676
675
678
684
685
686
686
688
688
688
689
689
715
717
718
718
717
717
717
716
722
722
722
723
725
725
724
735
738
742
744
746
748
752
752
757
770
770
775
778
781
780
779
780
780
780
779
780
780
783
786
790
789
793
806
806
814
819
818
822
825
832
831
832
834
837
836
842
846
849
858
869
870
874
875
878
879
881
881
894
894
896
896
900
902
901
902
901
906
905
906
908
908
908
910
914
914
919
919
923
926
930
931
932
936
940
943
949
949
971
970
970
970
969
972
974
973
981
981
980
983
982
981
983
986
987
990
998
1001
1011
1015
1021
1025
1024
1027
1026
1028
1030
1054
1059
1060
1061
1068
1068
1074
1073
1073
1074
1073
1074
1073
1083
1084
1083
1090
1089
1091
1090
1090
1095
1098
1099
1106
1118
1129
1128
1127
1129
1129
1131
1130
1129
1135
1143
1144
1143
1147
1149
1148
1148
1155
1154
1160
1160
1162
1161
1163
1164
1163
1166
1165
1164
1178
1178
1191
1194
1204
1206
1205
1205
1206
1213
1217
1216
1216
1219
1222
1221
1221
1222
1222
1222
1222
1221
1224
1224
1229
1238
1238
1239
1242
1246
1248
1252
1259
1258
1258
1260
1261
1260
1260
1263
1264
1264
1265
1271
1275
1282
1282
1284
1291
1295
1301
1302
1302
1303
1302
1312
1315
1316
1325
1328
1330
1330
1334
1339
1338
1341
1344
1345
1346
1356
1359
1362
1364
1364
1366
1366
1367
1366
1366
1372
1372
1371
1375
1383
1382
1389
1389
1393
1393
1395
1397
1396
1398
1401
1405
1406
1407
1409
1415
1420
1421
1420
1430
1432
1436
1439
1442
1441
1440
1442
1448
1447
1446
1451
1453
1454
1459
1465
1464
1463
1472
1471
1470
1469
211
212
214
217
218
219
224
223
225
226
226
226
226
226
230
230
231
231
230
230
230
230
251
263
278
277
276
275
282
288
287
286
288
287
288
287
286
289
290
305
305
307
307
306
306
308
310
311
331
330
331
337
337
338
338
337
338
338
338
337
340
343
342
342
348
352
351
356
361
365
368
369
369
371
371
375
379
385
386
385
386
385
388
388
411
412
413
412
425
428
441
441
444
448
448
447
453
453
452
457
457
456
457
462
464
463
467
472
475
484
485
487
489
488
487
487
497
497
496
495
495
494
496
495
495
512
515
519
524
525
524
524
534
549
548
551
554
557
557
559
558
563
562
565
566
565
565
569
570
575
576
583
589
590
593
599
598
598
604
603
602
601
601
607
606
622
624
624
623
624
623
623
625
624
626
628
629
629
632
633
632
632
634
633
634
633
635
634
641
653
653
663
662
661
664
665
679
682
681
691
694
696
702
702
704
706
705
712
714
713
715
719
718
717
719
718
721
721
722
721
721
723
723
724
725
727
728
730
737
741
741
740
753
757
757
760
759
759
759
759
764
766
766
767
772
780
780
781
783
791
799
805
806
809
809
810
809
812
811
810
809
814
816
825
839
840
839
844
847
858
859
860
861
865
864
863
862
864
864
864
864
869
869
869
871
870
883
886
885
887
896
898
898
909
917
922
922
921
921
920
928
931
936
935
936
940
940
949
948
948
951
961
961
972
972
971
973
972
979
983
983
984
986
989
988
989
988
997
998
1000
1003
1004
1005
1005
1010
1010
1009
1010
1010
1010
1018
1022
1026
1028
1027
1029
1029
1032
1032
1037
1040
1044
1047
1052
1062
1064
1065
1077
1083
1082
1082
1086
1093
1094
1097
1100
1105
1109
1111
1112
1117
1116
1123
1127
1132
1134
1134
1141
1140
1141
1142
1141
1140
1145
1147
1147
1150
1159
1160
1162
1161
1171
1170
1171
1173
1181
1182
1181
1182
1186
1185
1185
1189
1188
1187
1192
1202
1205
1207
1209
1212
1213
1219
1222
1221
1221
1220
1229
1231
1236
1238
1240
1243
1242
1249
1248
1249
1249
1253
1254
1256
1255
1254
1260
1260
1260
1264
1264
1270
1271
1271
1274
1274
1280
1282
1285
1287
1286
1287
1286
1285
1291
1294
1296
1295
1306
1305
1307
1309
1312
1316
1319
1321
1321
1320
1319
1319
1324
1326
1325
1324
1323
1328
1327
1328
1334
1335
1339
1348
1354
1357
1358
1365
1369
1370
1371
1373
1375
1374
1375
1378
1377
1386
1388
1393
1392
1392
1396
1397
1403
237
236
237
239
247
250
251
252
255
254
254
262
269
271
270
278
286
286
286
288
287
290
293
295
294
296
295
301
304
304
314
319
320
326
331
334
333
335
335
346
345
347
347
350
352
351
352
362
361
360
359
362
361
360
365
368
382
382
385
386
386
386
385
384
384
388
392
402
403
408
409
409
410
410
414
415
415
418
421
424
427
426
428
429
429
430
429
428
427
426
435
437
436
439
443
442
442
457
457
463
462
467
466
470
469
469
469
469
476
478
482
484
484
484
485
490
490
503
502
504
507
509
509
511
515
523
525
531
532
531
531
537
536
539
541
542
545
546
554
561
564
569
571
573
574
575
576
575
590
592
595
597
600
599
598
609
608
609
612
615
615
619
618
618
620
619
624
636
639
641
641
640
639
643
648
650
650
652
653
653
660
659
659
669
669
668
672
675
677
685
684
685
684
686
695
696
695
702
703
702
701
700
707
709
708
708
712
724
723
722
731
731
730
748
750
752
759
758
759
761
770
776
778
777
780
782
782
781
791
792
793
796
796
801
805
808
810
813
814
817
816
817
819
825
824
827
830
832
831
834
836
836
845
844
844
845
844
845
844
844
843
849
848
860
865
865
864
863
862
865
867
866
874
881
889
894
894
894
894
894
894
893
900
903
906
909
914
913
914
916
926
926
930
933
933
956
957
961
968
968
973
980
981
983
983
983
982
996
997
997
996
997
998
1016
1018
1021
1023
1023
1027
1034
1033
1033
1032
1034
1041
1048
1047
1057
1067
1069
1069
1070
1073
1072
1073
1072
1071
1072
1076
1075
1076
1077
1077
1076
1081
1089
1088
1089
1088
1095
1094
1095
1094
1098
1103
1105
1107
1109
1109
1119
1125
1127
1128
1128
1132
1135
1136
1141
1147
1163
1162
1164
1165
1164
1176
1189
1192
1191
1190
1192
1192
1191
1190
1204
1210
1209
1209
1209
1210
1209
1221
1225
1226
1229
1228
1228
1227
1226
1236
1235
1237
1237
1236
1236
1238
1237
1244
1250
1249
1255
1257
1259
1262
1271
1270
1270
1271
1274
1275
1275
1278
1277
1277
1280
1286
1293
1301
1306
1306
1311
1310
1316
1316
1316
1316
1319
1321
1320
1325
1324
1325
1325
1327
1329
1342
1343
1343
1342
1344
1343
1346
1352
1353
1354
1353
1353
1352
1353
1352
1358
1358
1358
1357
1365
1370
1380
1382
1383
1382
1383
1382
1390
1389
1404
1403
1402
1401
1403
1408
1409
1409
1422
1423
1423
1423
1423
1424
1427
1426
1431
1430
1434
1434
1436
1435
1439
1439
1441
1445
1451
238
237
240
242
251
251
255
256
255
254
254
254
257
257
256
257
